etc/3.table/phot.raw.ecsv
# %ECSV 1.0
# ---
# datatype:
# - {name: image, datatype: string}
# - {name: obs, datatype: string}
# - {name: obj, datatype: string}
# - {name: ra, datatype: float64}
# - {name: dec, datatype: float64}
# - {name: date-obs, datatype: string}
# - {name: jd, datatype: float64}
# - {name: filter, datatype: string}
# - {name: stdnumb, datatype: int64}
# - {name: zp, datatype: float64}
# - {name: zper, datatype: float64}
# - {name: seeing, datatype: float64}
# - {name: skyval, datatype: float64}
# - {name: skysig, datatype: float64}
# - {name: ul_3sig, datatype: float64}
# - {name: ul_5sig, datatype: float64}
# - {name: mag, datatype: float64}
# - {name: magerr, datatype: float64}
# - {name: aper_dia_pix, datatype: float64}
# - {name: EXPT_total, datatype: int64}
# - {name: peeing, datatype: float64}
# - {name: aper, datatype: float64}
# - {name: delt, datatype: float64, format: 1.3f}
# - {name: snr, datatype: float64, format: 1.3f}
# - {name: fnu, unit: uJy, datatype: float64, format: 1.3f}
# - {name: fnuerr, unit: uJy, datatype: float64, format: 1.3f}
# schema: astropy-2.0
image obs obj ra dec date-obs jd filter stdnumb zp zper seeing skyval skysig ul_3sig ul_5sig mag magerr aper_dia_pix EXPT_total peeing aper delt snr fnu fnuerr
hdCalib-LOAO-GRB221009A-20221010-041854-B-300.com.fits LOAO GRB221009A 288.2643629 19.7734352 2022-10-10T04:18:54.720 2459862.6798 B 96 26.895 0.049 2.742 5797.23 36.468 20.21 19.655 20.444 0.483 4.87 "" "" "" 0.6263393517583609 6.409143566447764 24.12126056092568 3.76357001693672
hdCalib-LOAO-GRB221009A-20221010-042038-V-300.com.fits LOAO GRB221009A 288.2647094 19.7733242 2022-10-10T04:20:38.400 2459862.681 V 382 26.611 0.051 2.641 4886.25 32.788 20.039 19.484 18.697 0.124 4.88 "" "" "" 0.6275393515825272 8.920721887252693 120.55910077295322 13.514500541175563
hdCalib-LOAO-GRB221009A-20221010-042204-R-300.com.fits LOAO GRB221009A 288.2646491 19.7733958 2022-10-10T04:22:04.800 2459862.682 R 932 26.948 0.046 2.508 4989.39 36.315 20.303 19.749 17.553 0.053 4.71 "" "" "" 0.6285393517464399 9.523574861919197 345.7801035323046 36.30780547701001
hdCalib-LOAO-GRB221009A-20221010-042331-I-300.com.fits LOAO GRB221009A 288.2646085 19.7734513 2022-10-10T04:23:31.200 2459862.683 I 1519 26.797 0.052 2.42 2699.87 37.55 20.119 19.564 16.451 0.053 4.7 "" "" "" 0.6295393519103527 9.523574861919197 954.1134102819752 100.1843765724021
trCalib-LOAO-GRB221009A-20221010-042440-z-300.com.fits LOAO GRB221009A 288.2645975 19.7734867 2022-10-10T04:24:40.320 2459862.6838 z 140 25.309 0.034 2.335 1.282 27.402 19.003 18.448 16.009 0.042 4.57 "" "" "" 0.6303393519483507 9.620552191862146 1433.5076007281173 149.00471117870924
trCalib-LOAO-GRB221009A-20221010-042606-y-300.com.fits LOAO GRB221009A 288.2646531 19.7732263 2022-10-10T04:26:06.720 2459862.6848 y 89 23.393 0.036 2.559 0.018 9.311 18.172 17.617 15.598 0.053 4.95 "" "" "" 0.6313393516466022 9.523574861919197 2093.148303447441 219.7859872784817
Calib-LSGT_ASI1600MM-GRB221009A-20221010-090810-g-360.com.phot.summary.dat LSGT "" "" "" "" 2459862.881 g "" 26.141 0.0 4.444 "" "" 18.68 18.125 -99.0 -99.0 "" 360 4.44 5.977 0.8275393517687917 -99.0 -99.0 -99.0
Calib-LSGT_ASI1600MM-GRB221009A-20221010-091636-r-360.com.phot.summary.dat LSGT "" "" "" "" 2459862.887 r "" 25.279 0.017 4.364 "" "" 18.325 17.771 -99.0 -99.0 "" 360 4.36 5.869 0.8335393518209457 -99.0 -99.0 -99.0
Calib-LSGT_ASI1600MM-GRB221009A-20221010-092459-i-360.com.phot.summary.dat LSGT "" "" "" "" 2459862.892 i "" 23.802 0.027 4.117 "" "" 17.278 16.723 -99.0 -99.0 "" 360 4.12 5.546 0.838539351709187 -99.0 -99.0 -99.0
Calib-LSGT_ASI1600MM-GRB221009A-20221010-093331-z-360.com.phot.summary.dat LSGT "" "" "" "" 2459862.898 z "" 22.701 0.384 4.017 "" "" 16.482 15.927 -99.0 -99.0 "" 360 4.02 5.412 0.8445393517613411 -99.0 -99.0 -99.0
hdCalib-KCT_STX16803-GRB221009A-20221011-000339-i-1320.com.fits KCT_STX16803 GRB221009A 288.26452 19.7735 2022-10-11T00:03:39.927 2459863.5025454513 i 70 23.972 0.04 4.989 341.234 5.104 18.328 17.773 -99.0 -99.0 13.33 "" "" "" 1.4490848029963672 -99.0 -99.0 -99.0
hdCalib-RASA36-GRB221009A-20221011-002728-r-720.com.fits RASA36 GRB221009A 288.2646155 19.7735357 2022-10-11T00:27:28.800 2459863.519083333 r 229 22.219 0.046 4.448 107.514 1.863 18.913 18.359 19.096 0.39 4.24 "" "" "" 1.465622684918344 6.982324040771713 83.48337537236466 11.956387999881162
hdCalib-LOAO-GRB221009A-20221011-033852-I-720.com.fits LOAO GRB221009A 288.2646027 19.7734464 2022-10-11T03:38:52.800 2459863.652 I 2030 27.655 0.059 2.433 1688.3 56.436 20.608 20.053 18.009 0.066 4.39 "" "" "" 1.5985393514856696 9.410224835267513 227.1956437735258 24.14348729714141
trCalib-LOAO-GRB221009A-20221011-033921-y-720.com.fits LOAO GRB221009A 288.2646636 19.7733997 2022-10-11T03:39:21.600 2459863.652333333 y 135 24.234 0.033 2.301 0.027 13.837 18.703 18.149 17.077 0.091 4.43 "" "" "" 1.5988726848736405 9.196021966586175 536.0434578161404 58.29079788672308
trCalib-LOAO-GRB221009A-20221011-033921-z-720.com.fits LOAO GRB221009A 288.2645905 19.773467 2022-10-11T03:39:21.600 2459863.652333333 z 132 26.165 0.026 2.177 3.599 31.534 19.79 19.236 17.428 0.05 4.23 "" "" "" 1.5988726848736405 9.549925860214358 387.9716572936892 40.6256198186842
hdCalib-LOAO-GRB221009A-20221011-033921-R-720.com.fits LOAO GRB221009A 288.2647566 19.7734285 2022-10-11T03:39:21.600 2459863.652333333 R 1646 27.78 0.05 2.476 5652.8 38.795 21.131 20.576 19.003 0.067 4.43 "" "" "" 1.5988726848736405 9.401561688035697 90.9494338555292 9.673864499689476
Calib-SAO_C361K-GRB221009A-20221011-103404-I-2520.com.fits SAO_C361K GRB221009A 288.2645622 19.7734034 2022-10-11T10:34:04.800 2459863.9403333333 I 989 25.012 0.021 1.374 62.099 1.096 21.229 20.675 18.226 0.052 11.18 "" "" "" 1.8868726850487292 9.532350439205148 186.0372880595046 19.51641300285822
Calib-SAO_C361K-GRB221009A-20221011-110325-B-840.com.fits SAO_C361K GRB221009A 288.26452 19.7735 2022-10-11T11:03:25.714 2459863.9607142825 B 63 26.011 0.032 2.006 1196.49 5.998 20.668 20.113 -99.0 -99.0 8.6 "" "" "" 1.907253634184599 -99.0 -99.0 -99.0
Calib-SAO_C361K-GRB221009A-20221011-111749-V-840.com.fits SAO_C361K GRB221009A 288.26452 19.7735 2022-10-11T11:17:49.714 2459863.9707142822 V 275 26.194 0.022 1.883 1678.3 7.332 20.664 20.109 -99.0 -99.0 8.36 "" "" "" 1.9172536339610815 -99.0 -99.0 -99.0
Calib-SAO_C361K-GRB221009A-20221011-113238-R-840.com.fits SAO_C361K GRB221009A 288.2646013 19.7734156 2022-10-11T11:32:38.400 2459863.981 R 687 26.196 0.024 1.544 1165.47 6.303 20.93 20.375 19.332 0.096 7.63 "" "" "" 1.927539351861924 9.153770083623522 67.17381285473773 7.33837667333534
hdCalib-KCT_STX16803-GRB221009A-20221012-002105-i-2700.com.fits KCT_STX16803 GRB221009A 288.26452 19.7735 2022-10-12T00:21:05.280 2459864.5146444445 i 73 23.296 0.05 4.089 143.277 2.179 18.566 18.012 -99.0 -99.0 13.46 "" "" "" 2.461183796171099 -99.0 -99.0 -99.0
hdCalib-RASA36-GRB221009A-20221012-002922-r-1800.com.fits RASA36 GRB221009A 288.26452 19.7735 2022-10-12T00:29:22.560 2459864.5204 r 189 22.26 0.05 4.137 54.0 1.352 19.303 18.748 -99.0 -99.0 4.24 "" "" "" 2.4669393515214324 -99.0 -99.0 -99.0
hdCalib-LOAO-GRB221009A-20221012-024048-I-1080.com.fits LOAO GRB221009A 288.264622 19.7733947 2022-10-12T02:40:48.000 2459864.611666667 I 1945 27.674 0.053 2.717 1611.21 43.675 20.749 20.194 18.846 0.069 5.07 "" "" "" 2.558206018526107 9.38425931237018 105.09934271862136 11.199535223848844
trCalib-LOAO-GRB221009A-20221012-024057-z-1080.com.fits LOAO GRB221009A 288.2644764 19.7736253 2022-10-12T02:40:57.600 2459864.611777778 z 126 26.234 0.033 2.449 -8.875 24.607 19.965 19.41 18.165 0.08 4.92 "" "" "" 2.5583171295002103 9.289663867799362 196.78862897068396 21.183611352484967
trCalib-LOAO-GRB221009A-20221012-024116-y-1080.com.fits LOAO GRB221009A 288.2646913 19.7732056 2022-10-12T02:41:16.800 2459864.612 y 148 24.305 0.028 2.501 -1.849 10.383 18.929 18.375 17.948 0.153 5.12 "" "" "" 2.558539351914078 8.68560350348777 240.32558049332334 27.669416454114998
Calib-SAO_C361K-GRB221009A-20221012-105247-V-3720.com.fits SAO_C361K GRB221009A 288.26452 19.7735 2022-10-12T10:52:47.071 2459864.953322581 V 468 26.247 0.027 2.053 1575.35 3.66 21.272 20.718 -99.0 -99.0 10.04 "" "" "" 2.899861932732165 -99.0 -99.0 -99.0
Calib-SAO_C361K-GRB221009A-20221012-115732-R-3720.com.fits SAO_C361K GRB221009A 288.26452 19.7735 2022-10-12T11:57:32.284 2459864.998290324 R 711 26.207 0.026 2.358 1228.14 3.419 21.126 20.572 -99.0 -99.0 11.85 "" "" "" 2.944829675834626 -99.0 -99.0 -99.0
Calib-SAO_C361K-GRB221009A-20221012-130214-I-3720.com.fits SAO_C361K GRB221009A 288.2642997 19.7733282 2022-10-12T13:02:14.710 2459865.0432258104 I 585 24.837 0.038 2.982 74.098 1.103 20.503 19.949 19.192 0.136 18.46 "" "" "" 2.989765162114054 8.822669282177168 76.41876239634655 8.661637419723014
hdCalib-RASA36-GRB221009A-20221013-003938-r-1800.com.fits RASA36 GRB221009A 288.26452 19.7735 2022-10-13T00:39:38.880 2459865.5275333333 r 170 22.23 0.049 4.02 48.344 1.187 19.414 18.859 -99.0 -99.0 4.24 "" "" "" 3.4740726849995553 -99.0 -99.0 -99.0
trCalib-LOAO-GRB221009A-20221013-032411-z-1800.com.fits LOAO GRB221009A 288.2645908 19.7734666 2022-10-13T03:24:11.520 2459865.6418 z 122 25.998 0.031 2.493 -11.611 22.325 19.81 19.255 18.694 0.14 5.03 "" "" "" 3.588339351583272 8.790225168308842 120.89267852132974 13.753080974214495
trCalib-LOAO-GRB221009A-20221013-032423-y-1800.com.fits LOAO GRB221009A 288.2646564 19.7732778 2022-10-13T03:24:23.040 2459865.641933333 y 122 24.064 0.032 2.834 -1.488 9.285 18.716 18.162 18.51 0.308 5.58 "" "" "" 3.5884726848453283 7.530087105475894 143.21878992735367 19.019539604422995
hdCalib-LOAO-GRB221009A-20221013-032428-I-1800.com.fits LOAO GRB221009A 288.2644732 19.7733876 2022-10-13T03:24:28.800 2459865.642 I 1775 27.413 0.048 2.759 1092.92 39.95 20.575 20.02 19.55 0.114 5.12 "" "" "" 3.588539351709187 9.003264310597226 54.95408738576227 6.103795855585287
hdCalib-KCT_STX16803-GRB221009A-20221014-004534-i-2700.com.fits KCT_STX16803 GRB221009A 288.26452 19.7735 2022-10-14T00:45:34.080 2459866.5316444444 i 72 23.28 0.043 4.247 47.713 1.962 18.647 18.092 -99.0 -99.0 13.67 "" "" "" 4.478183796163648 -99.0 -99.0 -99.0
hdCalib-RASA36-GRB221009A-20221014-004943-r-1800.com.fits RASA36 GRB221009A 288.26452 19.7735 2022-10-14T00:49:43.680 2459866.5345333335 r 182 22.212 0.05 4.149 55.206 1.265 19.327 18.772 -99.0 -99.0 4.24 "" "" "" 4.481072685215622 -99.0 -99.0 -99.0
trCalib-LOAO-GRB221009A-20221014-032629-z-1800.com.fits LOAO GRB221009A 288.2645001 19.7735184 2022-10-14T03:26:29.760 2459866.6434 z 107 26.234 0.031 2.38 -14.599 22.039 20.071 19.516 19.004 0.14 4.98 "" "" "" 4.589939351659268 8.790225168308842 90.8657048958141 10.337130523505785
trCalib-LOAO-GRB221009A-20221014-032647-y-1800.com.fits LOAO GRB221009A 288.2645925 19.7732952 2022-10-14T03:26:47.040 2459866.6436 y 156 24.381 0.03 2.449 -1.693 8.812 19.152 18.597 18.6 0.226 5.27 "" "" "" 4.590139351785183 8.120822162499834 131.82567385563996 16.2330452776545
hdCalib-LOAO-GRB221009A-20221014-032715-I-1800.com.fits LOAO GRB221009A 288.2646148 19.7733861 2022-10-14T03:27:15.840 2459866.6439333335 I 2045 27.649 0.047 2.505 1028.15 39.407 20.893 20.339 20.166 0.137 4.81 "" "" "" 4.590472685173154 8.814547044472215 31.16018303105455 3.5350861336199624
hdCalib-RASA36-GRB221009A-20221015-004113-r-1800.com.fits RASA36 GRB221009A 288.2643105 19.7749916 2022-10-15T00:41:13.920 2459867.5286333333 r 184 22.22 0.058 4.246 51.617 1.179 19.411 18.857 -99.0 -99.0 4.24 "" "" "" 5.475172684993595 -99.0 -99.0 -99.0
Calib-LSGT_ASI1600MM-GRB221009A-20221015-095357-i-1800-com.phot.summary.dat LSGT "" "" "" "" 2459867.912 i "" 26.172 0.016 5.173 "" "" 19.425 18.871 -99.0 -99.0 "" 1800 5.17 6.96 5.8585393517278135 -99.0 -99.0 -99.0
trCalib-LOAO-GRB221009A-20221017-034846-z-1800.com.fits LOAO GRB221009A 288.2644531 19.7735196 2022-10-17T03:48:46.080 2459869.6588666667 z 93 25.545 0.025 2.453 -5.334 10.883 20.019 19.464 19.061 0.168 5.61 "" "" "" 7.60540601843968 8.566432555816556 86.21840810726981 10.064680664383218
hdCalib-LOAO-GRB221009A-20221017-034846-I-1800.com.fits LOAO GRB221009A 288.2644125 19.7732854 2022-10-17T03:48:46.080 2459869.6588666667 I 2016 26.914 0.046 2.428 150.58 18.184 20.956 20.401 20.856 0.253 5.0 "" "" "" 7.60540601843968 7.921364541528511 16.50440985652269 2.0835311605717353
wtrimCalib-BOAO-GRB221009A-20221018-121958-Ks-1260.com_mp.fits BOAO GRB221009A 288.2645255 19.7733891 2022-10-18 2459870.5 Ks 8 26.434 0.026 9.93 -1.608 10.971 20.129 19.575 17.707 0.05 11.58 "" "" "" 8.446539351716638 9.549925860214358 300.05440024430817 31.419552846410593
wtrimCalib-BOAO-GRB221009A-20221018-120733-J-1260.com_mp.fits BOAO GRB221009A 288.2631145 19.7729456 2022-10-18 2459870.5 J 9 26.391 0.026 10.74 -2.221 8.203 20.296 19.741 -99.0 -99.0 12.51 "" "" "" 8.446539351716638 -99.0 -99.0 -99.0
wtrimCalib-BOAO-GRB221009A-20221019-100148-J-840.com_mp.fits BOAO GRB221009A 288.2632368 19.7729447 2022-10-19 2459871.5 J 9 26.39 0.048 8.773 -1.624 11.658 20.207 19.653 -99.0 -99.0 10.22 "" "" "" 9.446539351716638 -99.0 -99.0 -99.0
wtrimCalib-BOAO-GRB221009A-20221019-094213-Ks-840.com_mp.fits BOAO GRB221009A 288.2645702 19.7734206 2022-10-19 2459871.5 Ks 7 26.482 0.039 7.57 -1.113 12.229 20.413 19.858 17.87 0.057 8.82 "" "" "" 9.446539351716638 9.48855326727801 258.2260190634586 27.21447746454356
wtrimCalib-BOAO-GRB221009A-20221020-094343-Ks-1680.com_mp.fits BOAO GRB221009A 288.2646043 19.77343 2022-10-20 2459872.5 Ks 7 26.451 0.068 6.045 -1.168 9.819 20.864 20.309 18.128 0.076 7.04 "" "" "" 10.446539351716638 9.323951375406333 203.61042011319606 21.837353276021652
hdCalib-LOAO-GRB221009A-20221021-024337-I-3600.com.fits LOAO GRB221009A 288.26452 19.7735 2022-10-21T02:43:37.920 2459873.6136333332 I 2277 26.96 0.049 2.244 479.305 13.451 21.356 20.801 -99.0 -99.0 4.88 "" "" "" 11.560172684956342 -99.0 -99.0 -99.0
wtrimCalib-BOAO-GRB221009A-20221022-093933-Ks-1680.com_mp.fits BOAO GRB221009A 288.2645963 19.7734023 2022-10-22 2459874.5 Ks 10 26.398 0.084 5.436 -0.639 10.199 20.848 20.293 18.476 0.096 6.34 "" "" "" 12.446539351716638 9.153770083623522 147.77467061719904 16.14358556826483
trCalib-LOAO-GRB221009A-20221022-024550-z-2460.com.fits LOAO GRB221009A 288.2644469 19.7736658 2022-10-22T02:45:50.751 2459874.6151707293 z 100 25.495 0.032 2.548 -1.555 8.601 20.155 19.6 20.477 0.51 5.98 "" "" "" 12.561710081063211 6.251726927756859 23.399145610550868 3.7428291224080326
